1.4265502764184697 2.8945515045588985 3.427262583427706 1.2122662536509234 1.1259149177783758 0.818222190539006 
3.275663077154715 4.5302655425978955 1.9000633313679778 3.80604554619804 2.5987858602669895 -12.618038550502673 
3.128571339938525 1.1117443546064019 3.6968264485914544 3.1208592944745246 3.312825681710042 7.618965490132447 
4.8670195430304934 2.7055785170876083 1.005716772366755 4.151991955218207 1.434537731134148 -23.945351590549325 
4.267585320308191 4.739029240792606 2.1804534586647333 2.2492961390918964 3.122851107331386 -7.864585838430813 
1.6477807637762738 1.5580356740067156 1.2749270182194055 2.2976263366245604 1.2601968302984337 -0.8505377502529304 
3.342706896990832 4.185961905532382 3.083906927646528 1.4578307296262611 4.700461311110859 -1.1425314829801143 
4.601578936829647 3.9731405656982406 3.536055209194275 3.6412717467803692 3.9023617405220077 -1.876716617388267 
4.517982452203363 1.5311914263898174 3.1124958133918366 3.707080351218011 3.971077076555105 6.669352905528414 
3.2200885921161957 1.3876121135968642 2.2436936501523856 3.9722862443112885 1.4695768857237366 7.451284998001641 
2.7707415294090874 1.6371992993124884 2.669296437868027 2.5206969381425894 3.6081619575251405 1.9977962739914856 
4.49604592164312 2.2792797239479428 3.757967862382515 3.5979901652090325 3.3138183632593163 7.218361020808879 
2.2678994417560006 1.215025588993389 2.6951359840646174 2.613679096527422 4.639029810022041 1.8912241463165382 
1.1009404600550834 2.7319872375447893 1.604790875527827 2.587329406960974 2.529302362286465 -1.2694464515364612 
1.0940162430265428 2.7283714521033575 3.5192022461017536 4.931751355702559 3.749178886761018 1.1380788484757378 
4.619002410360344 4.9619260594454095 2.755611712855058 4.3805940067434 2.1906023222681266 -20.37910180217627 
2.8991066885031658 3.1242749631072733 2.121398685640381 1.6534874314359427 4.682202253518321 -1.026744262657139 
4.500718085837407 1.7607744857762326 4.171896515427205 3.409862695254445 4.577771493795275 8.083208531244535 
1.957821251401422 2.599802802091541 1.8884400526240723 1.9070673553725483 3.406593541644541 -0.7796682898702052 
4.06375367250433 2.9168740524289714 2.8696675500397895 1.6122546062734133 4.33115536709041 -0.07141000481909421 
2.318979746851939 2.17380192533842 3.6169906630983717 4.4775717447255445 1.808105701585419 8.28779164621061 
2.3753685590979323 2.4361143092243633 2.0992335175543797 4.482259503039485 4.5269293366747405 -0.792319845560695 
4.55567484099655 3.66184227982887 2.627176171964442 4.156928354827635 3.1470794745131676 -6.2261240771037265 
4.968854211258179 1.332033112017481 2.5706738266314715 2.2984392837089365 4.272659920611648 3.3108256778068896 
4.305112390373796 4.703474316341357 4.5975099922607985 2.226975278479791 1.1866860602378928 -0.8560984704504735 
2.6892887026486827 1.3294893987821488 1.0347194246350524 4.531807628653737 4.767139411841153 -0.753588537859462 
1.473081130900873 1.4917864434865877 3.3892713420152845 2.5738816743068416 2.2902903799613314 3.141253775623435 
4.244680858864857 3.7094854466338267 2.7406059990971916 1.032279303866857 2.1159576328358973 -2.0063423433953247 
4.993678510789579 1.323427093599066 4.425074627496766 4.374515366981747 2.6454024183078952 25.612455886040063 
4.66896296148669 2.7097807019603626 4.980907465177232 2.4441963017132666 2.5420612753348664 10.195578472207625 
3.5793179391502306 4.046205271819055 3.6976432735219973 1.982410968297788 1.5154592798761306 -1.632035999721331 
1.3100899558887278 2.1391207132859 3.982504072996552 1.1012764515402895 1.5571035643244864 1.7080305483419331 
2.228841671724493 4.550292373693926 3.045609498862745 1.529243358442864 1.3540697536381985 -3.7875621071702947 
4.893649415827582 4.143849433290962 2.0722344442832012 4.30082203257363 2.4260523090460757 -17.971867536260902 
4.067527703134985 3.026513586997189 1.1127631167977357 2.943138355625885 4.460212178292556 -5.136543723885378 
3.9302672612478675 4.897660086947202 2.3789546387057072 3.399086249014868 4.181917994310865 -8.046113188408995 
3.8709594363837656 1.6767593117695556 3.0216758675197295 4.068060567547951 3.216456047599195 6.584514361237351 
3.8499327283248124 2.9777772604324944 3.4331149153761293 4.6666330391612965 3.922817084530998 2.0854140774379024 
3.6504283144776175 4.319057095750894 3.8366496655101607 1.7419894443674555 4.943707197720046 -0.6205125805966399 
2.4934371345572925 2.0838620535469716 2.39661542329186 2.3039653541406877 1.274663385429025 1.4095511945161319 
2.7436491917548818 3.5528349618055146 1.8677106544957378 2.6853441638512416 4.280945269478806 -2.900152284401396 
3.26966089587445 4.226016558713633 2.725272788798871 2.9133255292843976 4.3308888435622706 -3.300815421766015 
2.036491906348214 2.222800461284742 1.6690467636984003 4.056172753498821 2.949355471550118 -1.550917340925406 
2.7107074067633254 4.477661639796072 4.525094095558442 2.5919434640979615 1.1790314935742052 0.2826561058091617 
4.477210128098583 1.8890305197291313 1.3653607262176566 4.377813290764314 1.5290709372010336 -6.712659260336715 
1.777271080608997 1.866174824943414 3.572905308044443 4.005597531560184 4.702860995386348 2.583591148381882 
1.8562992582395723 3.598554789539433 4.101776060078471 3.4825344608344424 3.6831886134216627 0.8832394208879321 
3.7793342293094256 2.738009487274352 2.6519265936183047 3.0879786720354727 4.154333739513161 -0.24182715550340123 
1.3783279087688656 4.814960596001887 2.6676209505136583 3.7976150573611016 1.330419228775661 -8.448424354127443 
3.7077103981391923 4.4793748688132355 3.8059632883835754 1.5447295101825445 2.697814262960449 -1.4296403013066779 
3.6466804685718626 3.4950176610774055 1.2628376672650803 3.106325834013454 4.866615253495378 -5.195734108031624 
3.44745853533867 2.5131515695207094 3.269746425566276 1.3910683366876415 1.6803246442237048 2.159323464361624 
4.968746557752224 4.9676436024302175 2.218467940732779 2.8351818351012135 3.3726647597756534 -11.483045310723993 
4.869639797866887 1.7260525169397472 4.544301862659372 1.0269728323085072 2.0052050298192765 7.028722907019086 
4.746034253850312 4.637781499861341 3.257521089745707 1.3076448822719735 2.1220340891478378 -4.036726836052254 
4.118747244749697 1.1679996863575046 3.9472517136518053 3.7449518954214214 2.440922430312356 17.56245958154212 
1.2528066165146146 3.6624304101003586 2.639221644194188 1.6219168869660634 3.177153466544862 -0.6543930721636011 
1.7289448013434159 2.986362811559097 2.4947092934860207 1.8399738320284391 4.769491960173702 -0.32792898497333733 
4.900869043400823 3.259469008429644 1.8882278218436461 3.788076301539968 2.426074134473818 -10.493046505347397 
1.5493898478904198 3.6616243318439006 1.6321593392242666 1.1780819192017629 4.688557474605373 -0.7900935507095469 
1.786458183174505 2.347594088061171 4.449125111897581 1.491310639496946 3.2813886445893803 1.7062360195259838 
3.6096460243713713 3.033182183211884 1.2160084448503565 2.4413421940650135 4.244775988640706 -3.772549513063833 
2.1225719964793233 3.681701192138407 2.5153996937871117 4.816904662176867 2.4950484335126455 -4.779278448476544 
4.085534867387917 3.2508230309049764 1.919541415914746 2.9680355344228104 1.23899183799965 -13.02925267704768 
3.5294529551715876 4.092697065362575 1.458442366235447 4.204543153656758 3.821509390537919 -10.229373687959656 
3.487086316164644 2.0079063363368053 4.873559969310474 4.17651824538739 4.149990150043237 10.056658700877474 
1.3799261944861518 4.422365342333238 3.8028830617359706 1.6261942637611848 4.224938134851424 -0.32903100048612277 
4.060962437696745 4.2527015940938195 2.4417714606510503 1.0026866434819004 3.3525716643753807 -2.1994689104204617 
1.50459367049432 4.2208264022800766 1.4097587711275592 2.485486796068466 4.6137794751813885 -2.278479641699812 
4.037534978714736 1.9032743957713736 2.256076990444435 2.469587531698372 3.0487256402083887 1.1538627382235813 
4.914208956422588 2.767927803948646 1.462908851343025 1.2257916605278978 2.363729792412509 -3.32574748500939 
3.151138806685399 4.807600085216729 3.4114794101781083 1.6091139808312436 3.636821373091241 -1.9465041333240258 
1.005271922090682 1.036742956752899 3.695635373230719 3.826553420742086 2.588740293415588 3.9509689363141205 
3.959565057363724 1.5877930491393477 1.0313940994071507 2.499924132670621 3.3207213831252202 -1.658548495854521 
2.120516400275917 4.6276378069283375 1.2764271364103847 3.541173128121626 3.407966349778097 -7.38406018676208 
3.213852036857907 2.200454801227335 4.036416822190462 2.0898683986583757 4.699015154745981 2.624228602256884 
4.990653171117433 1.3624902962772905 3.223671357001354 4.733696532349583 4.356950731752573 10.091687127388791 
4.069397631524536 2.352460520428487 3.3935630314191396 2.285368697393757 1.9585437985102092 4.943637392246419 
2.3700940266886104 3.9203210019278396 1.4811678386944371 3.506466907543381 1.647640760905725 -12.303023824261606 
2.3475488062376 2.3817756893950843 4.382778929288058 1.3471328947394947 4.300760140949885 1.4713894606156965 
4.4731053223105945 1.2526737597390123 3.8989484038449884 3.8574759764246527 1.4972256932612753 30.49720214260492 
3.609928419490475 4.716118476817668 3.5349167697936075 3.9742403916622573 3.756490826892064 -4.511224670927439 
4.8449912417856 4.691908012797615 3.758891465073095 2.41410733991091 4.988793248600725 -2.1874765869967256 
1.2212737151212139 2.4251486568384752 3.494622996410181 3.4246939334793334 3.2914773399413004 1.358983781553575 
2.2716363883402186 4.982906770651409 3.6554388235714335 4.050286796169141 1.0325623915674265 -11.828572430134571 
3.030818582312631 4.661237742081952 4.323273475696247 2.202513211190677 4.872296665666474 -0.46303681636641303 
2.5401680970375753 1.7029590069331926 4.007573822121568 2.6501339998308917 1.1183239295760634 13.872700894168041 
3.878661447800749 3.7114191479352527 2.762901360788229 2.6096586818030008 2.9713643386044537 -3.231135387084629 
4.2716070666950525 2.5045528684578513 3.45858591785645 1.9549549769471852 2.658129766289051 2.9971970547812274 
4.320779715580576 2.9819399991650437 3.4861171163853 2.077681418486455 1.016443247571222 4.4528808738867935 
2.50222941487159 1.4839242444547183 1.2716411177957392 2.4443107958610852 4.807162049609964 -0.2700910941439989 
1.7981753177076096 1.5905004201746942 2.500407366215146 3.5521387335676065 3.19252666390186 1.8204736561698105 
4.588637064095009 4.861062223977093 3.1186347247025012 1.0051187866231324 1.9959815483526029 -4.026236610764581 
3.0651763031059467 3.0693357792303897 3.1597234429813534 3.153008714501695 4.176758791235902 0.20914640137174334 
4.300424040083988 4.87606540591621 3.0035249247183837 1.6708223956592745 3.7360998677222303 -3.6012585921341094 
4.382964998210499 2.552245163760601 2.9277958118417424 3.7417776432394114 3.1564594606295664 1.951256119451006 
3.081526342461477 1.2801818071694755 3.9417082648803983 2.9942593668468054 3.856799651273677 6.367354211436633 
4.680713587382108 3.3916665232890555 3.86958702620945 2.3648175460697605 1.8206650744644342 2.905596525414205 
2.9718947960324122 4.442148968960263 3.3737193385941504 3.0188627928344878 1.3526481714807694 -7.086599351969398 
1.6689500636822654 3.7048113257746844 2.0657901518951816 3.419156845212002 1.7639850944820208 -5.302150109183962 