2.6128467147495367 4.065148435890081 2.481838051804482 0.020608871960372744 
3.1607139679744005 3.36758498803905 3.0240731237737903 0.024698153097251745 
3.0372537550298135 1.4955650484521077 4.632448743444133 0.03488632994180964 
2.231758118138961 4.971404519369718 2.393832378326145 0.014923284536095635 
4.500772045769805 2.86167319181154 2.9146715623089645 0.04294053931337708 
1.3153548518645763 2.359839987178363 2.91262596352698 0.015228803909077786 
3.002987146402113 1.7106482785189092 4.268864872725903 0.032724308394240016 
4.810560227716495 3.4801361861126745 3.5014354706388815 0.031415460205145754 
4.281435868480214 3.5378104659833274 2.159155285894319 0.04460269893434126 
2.4475788801439 4.975689092809315 4.688435620157306 0.00834921492343766 
1.234719119678303 2.3233653470118334 1.9957502956559892 0.021190177733760637 
2.505299955938364 1.2798412738246414 2.921382983373886 0.05332185625846802 
3.2231893690240963 1.9649438992446422 4.909637273989206 0.02658743217727033 
2.280534574159581 1.3448310811785817 2.400192454603408 0.05622286762188533 
1.8692991782235735 3.9392457524645836 2.0312247341772482 0.01859079231969453 
1.229290609746113 2.7417115174665754 4.317877711495212 0.00826328259444132 
4.461309599519488 2.0523389101587393 4.614389893305496 0.037487729051778135 
1.9090634391651906 4.332326212323626 4.873813325684322 0.007194828644479896 
4.152475423020757 3.5880955517837263 3.3558217392226855 0.02744317301888906 
3.979883144861035 1.3254635282005411 2.8168434926161647 0.08482618921928445 
1.4076905419675927 3.2675862928228705 2.359324279040601 0.01453056916978867 
2.8958381168244367 4.56160176706629 4.225082697397466 0.011956713808193757 
4.267171132718911 1.9494417721995192 3.9500252386633505 0.04409811828019359 
4.543310036072002 4.444807313896177 4.603226990235564 0.017670432543654815 
3.0574079413188073 3.7182266455797044 4.391491940486366 0.014900319347457761 
1.0238885580910901 1.2961623077786975 3.8964328992170474 0.016133040947103078 
2.817585531244837 1.6560811199964003 3.7861249248842075 0.03575943915431067 
1.2126425110415084 2.282234687485887 2.2573636074123 0.018731006040881425 
4.256700602821381 2.498463008559835 2.4733878405564145 0.054814833046936406 
4.59495957775572 4.035960189727797 1.7256862629605205 0.05250046082393415 
3.110736677362919 2.8068937063558237 2.1795918492542485 0.0404624563481396 
2.131957980484286 2.1467055870497243 3.4677508568971223 0.02279021395889454 
2.5141906975027037 4.198219230436061 3.355277299564433 0.014203481793269876 
3.4842845521290773 4.738254311147212 4.459698418038048 0.013121391509756374 
1.8192876528131459 4.8477130372215065 4.595305784256976 0.006498904999811329 
1.7854813976828416 4.820511235257303 1.2885422305054122 0.02287461060099944 
3.6177700014779854 1.5895186209715786 3.0928472769063116 0.058560799052362965 
3.6564829550538023 3.8388125004323106 2.5270462061456453 0.029994636695711195 
3.871352188966896 3.1524056850718636 3.3768724902380494 0.02893983522641165 
1.8460875757512882 1.1213240727278104 2.078691209551169 0.06302622713268154 
3.122705561028109 3.8698724108667197 3.991954818096002 0.016085660887749577 
3.921232817789538 4.390635539701833 4.892889140965701 0.014525129071244288 
2.8703049590665715 4.051445515624623 2.0834500165662786 0.027059831540413252 
2.6144118365554476 1.6568398301217875 2.7761941702096933 0.04523074830039046 
3.2834814200616504 3.2499341141198874 2.6787814513620765 0.030013238501691915 
1.5007972276893238 3.240653008504169 3.9180459725578474 0.009406110916878875 
2.5574024750203157 2.8112534766508004 3.0350716566641456 0.02385175076257458 
1.8329136014492717 4.49652768438784 3.0978352309080797 0.010471202146979402 
4.682322681690289 2.401286057785374 2.664628615641496 0.05823323124702388 
1.7425603988737017 3.8830454144456406 1.415786175525485 0.02522364461501044 
3.9901822903030375 2.291668465512116 3.8329329875664397 0.03614929714249489 
3.073122850227814 3.5741085129155654 3.7433633369436046 0.01827849109099717 
3.692853959549015 3.359228432444602 3.464464402700423 0.025250886406942712 
1.7440065617848437 1.9647227773470175 3.0951882259037014 0.02282180056904704 
1.3040495570373967 3.8202540173394546 2.058381288231498 0.013196724964576344 
2.9001849118435516 4.414550564942301 4.0587253464972335 0.012880705935653306 
4.384198945491864 4.492281088861761 3.223128786348028 0.024095492495195735 
4.313754553804349 1.4393764172204269 1.0462439701889852 0.22794927527659942 
2.5926144455952462 4.956712640189272 1.0167740593591237 0.04093642124000419 
1.9837458717436407 4.207827316213454 2.7194513227316084 0.013795485016111064 
1.6870001518144333 4.405486465675492 2.880757913321631 0.010578025819579907 
1.6444481878043233 1.0573509112016484 2.6247321560606527 0.04715265971206479 
4.735704208490354 1.424271838231479 4.694975853321174 0.05635707626816917 
4.789939037666371 1.2047330610260847 3.508852571214127 0.0901704365423441 
4.876981725188312 3.0183000384488423 3.498320650463594 0.03675523816760847 
2.4703573018558225 4.973750164846242 4.856137610047302 0.008139073243693559 
4.8159762717651 1.7458478578638528 2.5805667622840747 0.08506540633231835 
4.253202666465777 1.1277135268946883 3.8644510629091613 0.077663974421211 
3.08897646305796 2.5532954878723246 4.794337742996568 0.02008052356845212 
3.9543543908959182 2.784652534606884 1.983986109383146 0.0569581775446723 
2.404571482667302 1.6485852299559811 4.006081916048842 0.028973208927965958 
2.2575117991603344 3.3283847004292912 4.162566686691079 0.012966579993046824 
2.9201883684498724 4.155291965813288 1.2540506346049836 0.04459481700849795 
3.4666213334176628 4.396533279394394 3.598604480494503 0.017436208759024546 
2.459762872573952 4.30668085099216 4.857823915712363 0.009356187574705719 
3.0488105662723073 4.308050921762526 3.120929656141289 0.018044953562176867 
4.649719106736397 4.017709747737424 4.042297205880481 0.02278295505690394 
2.2332261116274146 2.0936414147550275 1.808570042389757 0.04693374395336812 
2.706952601109076 2.9619747943016947 1.3834366985307747 0.05256905097172468 
4.300318637247768 3.786410060411734 2.943381388001892 0.030705529262035625 
1.9222224697450963 4.747719413957641 4.6375246286338765 0.006947403321109299 
3.4629762325950435 4.426120784164569 1.0485434499739719 0.059378600029553696 
3.5437842449618073 1.405625405619996 1.7075771380689093 0.11749177888142084 
4.129010170957594 3.836589106145308 4.943581059159829 0.017324038481129247 
4.52491122889789 1.5421737890149099 3.1737750344233855 0.07356830369430688 
4.474973990055908 3.2264755122594115 1.849453507979053 0.05967725790985841 
1.3210901665273727 1.780002654960981 2.3024842769104903 0.02565105740709027 
3.2201186360589062 2.453376749657023 2.897493779569739 0.03604750832691546 
2.2585009871967023 4.760956651493638 2.1356269680241997 0.01767627693730249 
4.165678681008497 3.5180225925679127 2.3443454530731374 0.040193485740788015 
4.299371723341796 1.116667779366927 4.518911075888947 0.06780119547488873 
2.4659979134938492 4.685386766559205 4.557505158555391 0.00918988814288242 
2.281556410082723 2.70480170444881 4.70036938702318 0.014280845686628777 
4.50246893415883 2.783656718182177 3.3532678332121404 0.03838459310188206 
4.201698068993963 1.73068545526644 4.895628107871538 0.03946284699262074 
3.215959476424551 3.68038669037616 2.9341143247009254 0.02369901088910357 
3.384283372355556 3.8732736284169755 4.697758377407259 0.014800895813443366 
1.5223460042716228 4.3781075434865375 3.9595280132136574 0.006988334144129084 
4.817663430070524 2.328556067426979 2.6191758787200974 0.06286012355230254 
3.623878544999175 4.870353589884682 2.1082446534364667 0.028085507105657603 